  0.00000000  18.02775638  20.00000000  22.36067977  32.28002478  20.80865205  26.07680962  37.48332963   9.21954446  24.83948470  16.40121947  33.54101966  31.62277660  10.00000000  20.61552813  19.84943324  42.42640687  30.41381265  35.35533906  25.49509757   7.07106781  22.36067977  25.49509757  11.18033989  31.62277660  40.31128874  28.28427125  39.05124838  40.31128874  41.23105626  20.00000000  14.14213562  17.46424920  40.80441153  33.54101966  22.80350850  40.26164428  35.60898763  47.16990566  51.66236541  37.80211634  11.18033989  32.01562119  39.35733731  15.81138830  28.60069929  18.02775638  27.07397274  21.26029163  20.61552813  29.20616373  31.06444913  25.05992817  42.48529157  27.80287755  36.87817783  13.15294644  32.01562119  38.63935817  33.28663395  19.31320792  11.70469991   7.21110255   8.94427191  14.31782106  28.01785145  39.05124838  48.05205511  59.81638571  49.24428901  48.87739764  28.63564213  49.67896939  23.02172887  27.01851217  30.61045573  26.83281573  30.87069808  42.19004622  31.78049716  38.41874542  19.72308292  13.03840481  14.03566885  12.04159458  24.18677324  12.36931688  22.02271555   5.09901951  14.86606875   8.54400375   3.16227766   6.00000000   4.24264069   9.00000000   6.40312424  13.89244399
 18.02775638   0.00000000  11.18033989  35.00000000  49.76946855  38.18376618  37.21558813  51.47815070   8.94427191  42.44997055  25.17935662  51.47815070  45.00000000  11.18033989  31.62277660  23.00000000  60.20797289  44.72135955  46.09772229  42.72001873  20.61552813  11.18033989  25.00000000  22.36067977  40.31128874  57.00877125  36.40054945  47.43416490  57.00877125  55.00000000  36.40054945  32.01562119  35.35533906  58.30951895  50.00000000  38.27531842  55.00909016  53.60037313  65.19202405  69.52697318  40.79215611  10.00000000  15.81138830  50.63595560  30.41381265  34.53983208  16.12451550  21.40093456   6.08276253  18.43908891  29.12043956  36.05551275  32.14031736  48.16637832  45.80392996  54.45181356  28.60069929  47.85394446  53.08483776  43.73785546  23.40939982  26.68332813  11.70469991  15.65247584   4.47213595  40.49691346  51.86520992  57.21887800  77.15568676  65.80273551  58.94064811  45.00000000  67.17886572  34.13209633  36.67424164  40.02499219  44.77722635  48.76474136  60.20797289  49.04079934  56.40035461  27.45906044  17.46424920  11.04536102   6.32455532   6.32455532  18.11077028  35.77708764  21.93171220   5.09901951  12.16552506  17.46424920  15.52417470  13.89244399  15.03329638  11.66190379   8.24621125
 20.00000000  11.18033989   0.00000000  41.23105626  51.78802950  36.23534186  44.27188724  45.22167622  14.31782106  40.70626487  32.69556545  52.20153254  50.99019514  10.00000000  25.00000000  13.92838828  58.30951895  39.05124838  38.07886553  45.27692569  25.49509757  22.36067977  35.35533906  18.02775638  31.62277660  53.15072906  44.72135955  55.90169944  60.20797289  60.82762530  40.00000000  31.62277660  36.67424164  60.20797289  46.09772229  34.05877273  49.20365840  52.80151513  65.00000000  67.74215822  30.14962686  18.02775638  25.00000000  57.87054518  35.35533906  43.56604182  26.17250466  32.44996148  17.08800749   8.06225775  18.24828759  26.17250466  23.40939982  38.01315562  45.31004304  52.15361924  25.55386468  52.00961450  58.42088668  51.26402247  32.44996148  31.25699922  17.08800749  12.64911064   9.21954446  33.83784863  44.77722635  48.05205511  73.87827827  61.52235366  66.85057965  41.23105626  64.40496875  41.10960958  44.38468204  47.92702787  45.60701700  49.72926704  60.16643583  51.47815070  55.46169850  19.72308292  11.40175425   6.08276253  13.60147051  12.04159458  25.94224354  30.41381265  21.58703314  14.86606875  18.78829423  21.21320344  20.88061302  17.26267650  21.93171220  15.52417470  17.69180601
 22.36067977  35.00000000  41.23105626   0.00000000  21.95449840  28.16025568   4.47213595  49.04079934  27.29468813  29.27456234  10.44030651  26.92582404  10.00000000  31.62277660  39.05124838  41.88078318  41.23105626  42.72001873  51.47815070  15.81138830  15.81138830  31.62277660  21.21320344  32.01562119  50.00000000  45.00000000  10.00000000  18.02775638  25.00000000  20.00000000  10.00000000  22.36067977  17.46424920  29.06888371  40.31128874  34.92849839  50.00999900  32.98484500  40.31128874  48.46648326  58.72818744  25.00000000  42.72001873  17.00000000   7.07106781  13.34166406  22.47220505  27.80287755  34.52535300  42.95346319  51.31276644  51.62363800  45.25483400  61.84658438  27.07397274  38.20994635  29.20616373  15.00000000  18.24828759  11.31370850  15.26433752  10.81665383  24.33105012  31.30495168  33.24154028  43.41658669  52.20153254  64.41273166  59.48108943  53.15072906  26.62705391  36.87817783  49.47726751   3.16227766   7.07106781   9.84885780  22.36067977  24.35159132  35.77708764  20.24845673  35.44009029  40.36087214  35.35533906  35.73513677  29.06888371  41.04875150  17.11724277  37.21558813  24.20743687  30.01666204  23.08679276  20.24845673  20.39607805  24.04163056  20.02498439  25.70992026  27.07397274
 32.28002478  49.76946855  51.78802950  21.95449840   0.00000000  20.61552813  24.69817807  37.53664876  40.85339643  18.02775638  30.41381265   6.08276253  19.02629759  41.97618372  37.64306045  46.17358552  21.02379604  33.42154993  44.40720662   7.21110255  29.52964612  50.21951812  42.80186912  36.01388621  46.06517123  28.23118843  31.01612484  34.01470270   9.84885780  21.02379604  14.21267040  21.02379604  15.13274595   8.54400375  26.40075756  28.17800561  36.61966685  13.34166406  18.35755975  26.92582404  57.93962375  40.70626487  61.29437168  27.29468813  21.26029163  34.92849839  41.86884283  48.83646179  51.47815070  50.00999900  54.74486277  50.92150823  44.92215489  57.80138407  12.04159458  20.24845673  29.27456234  10.04987562  17.46424920  27.16615541  36.12478374  23.85372088  38.07886553  39.31920650  46.48655720  37.21558813  41.72529209  55.90169944  38.47076812  34.71310992  35.73513677  25.49509757  29.01723626  25.05992817  27.85677655  28.86173938   7.61577311   5.00000000  13.92838828   2.00000000  15.03329638  41.77319715  42.04759208  45.70557953  43.46262762  56.08029957  35.00000000  32.69556545  30.26549190  45.61797891  38.01315562  32.31098884  34.43835072  36.05551275  35.84689666  38.27531842  43.41658669
 20.80865205  38.18376618  36.23534186  28.16025568  20.61552813   0.00000000  32.57299495  20.88061302  29.83286778   4.47213595  30.06659276  18.11077028  32.44996148  27.80287755  17.26267650  27.29468813  22.20360331  14.76482306  24.75883681  17.69180601  23.08679276  43.04648650  42.57933771  18.38477631  25.55386468  19.69771560  37.85498646  45.69463864  30.46309242  38.89730068  18.78829423   7.28010989  10.77032961  27.45906044  13.34166406   7.81024968  22.09072203  16.76305461  29.12043956  31.62277660  37.33630941  31.90611227  52.80151513  41.88078318  22.20360331  40.31128874  37.33630941  46.17358552  42.01190308  32.28002478  35.01428280  30.36445290  24.51530134  37.44329045  10.00000000  16.27882060  10.77032961  26.90724809  35.38361203  38.48376281  35.35533906  21.02379604  28.01785145  23.85372088  33.97057550  17.02938637  24.16609195  37.20215048  39.05124838  28.63564213  51.61395160   9.00000000  29.00000000  30.80584360  35.17101079  37.94733192  13.00000000  16.49242250  24.51530134  21.47091055  19.31320792  22.00000000  25.07987241  30.52867504  32.64965543  43.93176527  30.36445290  12.08304597  16.27882060  35.60898763  29.15475947  22.82542442  25.94224354  25.00000000  28.63564213  27.01851217  34.66987165
 26.07680962  37.21558813  44.27188724   4.47213595  24.69817807  32.57299495   0.00000000  53.45091206  30.08321791  33.54101966  12.04159458  30.08321791   8.94427191  34.92849839  43.41658669  45.80392996  44.72135955  47.16990566  55.94640292  19.23538406  19.23538406  32.55764119  20.24845673  36.12478374  54.40588203  49.04079934   6.32455532  13.60147051  26.17250466  18.43908891  14.14213562  26.83281573  21.84032967  31.06444913  44.55333882  39.39543121  54.34151268  36.49657518  42.95346319  51.54609588  62.93647591  27.29468813  43.41658669  13.60147051  11.40175425  10.29563014  23.34523506  27.29468813  36.05551275  46.52956050  55.21775077  55.86591089  49.51767361  66.21933252  31.00000000  42.04759208  33.60059523  16.40121947  17.46424920   7.21110255  15.52417470  14.86606875  27.20294102  34.98571137  35.90264614  47.88527958  56.64803615  68.88396040  62.81719510  57.03507693  22.82542442  41.23105626  52.95280918   3.16227766   3.16227766   5.38516481  26.07680962  27.65863337  38.62641583  22.84731932  38.83297568  44.55333882  39.11521443  39.00000000  31.57530681  43.04648650  19.10497317  41.67733197  28.31960452  32.14031736  25.70992026  23.70653918  23.40939982  27.31300057  22.56102835  28.79236010  29.06888371
 37.48332963  51.47815070  45.22167622  49.04079934  37.53664876  20.88061302  53.45091206   0.00000000  44.92215489  20.59126028  50.15974482  32.55764119  52.77309921  40.31128874  20.24845673  31.89043744  25.00000000   7.07106781  11.18033989  37.21558813  42.01190308  59.20304046  62.00806399  29.15475947  17.46424920  14.14213562  58.69412236  66.48308055  46.69047012  58.00862005  39.56008089  27.29468813  31.62277660  41.40048309  11.40175425  15.00000000   4.47213595  26.62705391  36.05551275  32.06243908  29.83286778  48.27007354  67.23094526  62.17716623  42.95346319  61.00000000  55.44366510  64.49806199  56.64803615  38.28837944  34.66987165  25.49509757  23.43074903  25.01999201  25.61249695  20.12461180  24.33105012  46.04345773  54.40588203  59.23681288  55.00909016  41.30375286  44.14748011  35.84689666  47.01063709  11.40175425   4.47213595  18.86796226  32.57299495  18.97366596  71.69379332  12.52996409  26.01922366  51.66236541  56.04462508  58.82176468  30.80584360  32.55764119  33.54101966  39.05124838  27.29468813  25.61249695  34.48187930  41.18252056  47.43416490  55.94640292  49.09175083  15.81138830  32.38826948  50.59644256  45.89117562  40.31128874  43.41658669  41.00000000  46.38965402  42.44997055  50.69516742
  9.21954446   8.94427191  14.31782106  27.29468813  40.85339643  29.83286778  30.08321791  44.92215489   0.00000000  33.97057550  18.38477631  42.54409477  37.21558813   6.70820393  26.07680962  20.61552813  51.62363800  37.94733192  41.04875150  33.83784863  12.04159458  14.31782106  22.47220505  16.12451550  36.12478374  49.09175083  30.41381265  41.59326869  48.27007354  47.16990566  27.65863337  23.34523506  26.41968963  49.39635614  42.19004622  30.87069808  48.10405388  44.82186966  56.30275304  60.87692502  39.39543121   4.47213595  23.02172887  43.68065934  22.02271555  29.41088234  13.41640786  21.58703314  12.20655562  18.43908891  28.84441020  33.52610923  28.44292531  45.60701700  37.01351105  46.01086828  21.02379604  39.31920650  45.01110974  37.00000000  18.43908891  18.11077028   3.00000000  10.04987562   6.00000000  34.52535300  45.89117562  53.08483776  68.88396040  57.98275606  52.55473337  37.21558813  58.79625838  26.92582404  30.08321791  33.61547263  35.84689666  39.82461550  51.31276644  40.16217126  47.63402146  23.19482701  13.60147051   9.89949494   2.82842712  15.23154621  11.66190379  29.12043956  13.60147051   5.83095189   4.47213595   8.54400375   7.00000000   5.00000000   7.61577311   2.82842712   6.00000000
 24.83948470  42.44997055  40.70626487  29.27456234  18.02775638   4.47213595  33.54101966  20.59126028  33.97057550   0.00000000  32.55764119  14.56021978  32.20248438  32.20248438  21.02379604  31.57530681  17.80449381  15.55634919  26.40075756  16.64331698  26.40075756  46.87216658  45.35416188  22.84731932  28.23118843  16.49242250  39.20459157  46.17358552  27.78488798  37.64306045  19.41648784  10.81665383  12.00000000  24.04163056  11.04536102  10.44030651  20.88061302  12.36931688  24.73863375  27.20294102  40.52159918  35.80502758  56.85068161  41.59326869  24.02082430  42.01190308  40.71854614  49.39635614  46.09772229  36.68787266  39.01281841  33.73425559  28.16025568  39.82461550   6.32455532  12.04159458  15.23154621  25.61249695  34.05877273  38.89730068  38.07886553  23.53720459  32.01562119  28.30194340  38.28837944  19.23538406  24.41311123  38.20994635  35.00000000  25.29822128  51.10772936   8.06225775  24.83948470  32.14031736  36.34556369  38.83297568  10.63014581  13.41640786  20.22374842  19.20937271  14.86606875  26.07680962  29.54657341  34.98571137  36.79673899  48.27007354  33.61547263  15.29705854  20.51828453  39.69886648  33.01514804  26.62705391  29.68164416  29.06888371  32.24903099  31.14482300  38.60051813
 16.40121947  25.17935662  32.69556545  10.44030651  30.41381265  30.06659276  12.04159458  50.15974482  18.38477631  32.55764119   0.00000000  34.40930107  20.22374842  23.85372088  36.24913792  36.06937759  47.42362281  43.28972164  50.28916384  23.43074903   9.43398113  21.18962010  13.00000000  27.45906044  47.42362281  49.03060269  12.20655562  23.32380758  34.98571137  30.14962686  16.40121947  23.00000000  20.88061302  38.28837944  43.28972164  35.22782991  52.00000000  39.35733731  48.41487375  55.56977596  54.20332093  15.29705854  32.31098884  25.49509757   9.43398113  12.20655562  12.08304597  18.43908891  24.18677324  35.80502758  45.27692569  47.43416490  41.34005322  58.66856058  32.31098884  43.32435804  27.20294102  25.05992817  28.63564213  18.68154169   5.83095189   9.05538514  15.65247584  24.75883681  24.04163056  42.44997055  52.61178575  63.24555320  65.79513660  57.72347876  34.17601498  39.05124838  55.54277631   9.00000000  11.70469991  15.23154621  28.65309756  31.62277660  43.60045871  29.00000000  42.05948169  36.05551275  29.00000000  27.78488798  19.64688270  31.01612484   7.07106781  36.13862200  20.12461180  20.09975124  13.92838828  13.45362405  12.20655562  16.40121947  10.77032961  17.49285568  17.02938637
 33.54101966  51.47815070  52.20153254  26.92582404   6.08276253  18.11077028  30.08321791  32.55764119  42.54409477  14.56021978  34.40930107   0.00000000  25.00000000  42.72001873  35.35533906  45.04442252  15.00000000  29.15475947  40.31128874  11.18033989  32.01562119  53.15072906  47.16990566  35.35533906  42.72001873  22.36067977  36.40054945  40.00000000  14.14213562  26.92582404  18.02775638  20.61552813  16.12451550   9.48683298  21.21320344  25.00000000  31.24099870   7.28010989  14.14213562  21.54065923  55.08175742  43.01162634  64.03124237  33.37663854  25.00000000  40.16217126  45.27692569  52.80151513  53.82378656  49.49747468  53.08483776  48.27007354  42.57933771  54.12947441   8.24621125  14.31782106  28.07133770  16.12451550  23.40939982  33.06055051  40.22437072  26.87005769  39.96248241  39.56008089  47.85394446  33.61547263  36.87817783  51.22499390  32.75667871  28.63564213  41.76122604  21.09502311  23.08679276  30.08321791  33.24154028  34.52535300   6.70820393   2.82842712   9.21954446   8.06225775   9.00000000  40.04996879  41.77319715  46.17358552  45.27692569  57.70615219  38.18376618  29.83286778  30.67572330  47.70744177  40.22437072  34.13209633  36.61966685  37.58989226  38.41874542  39.82461550  45.80392996
 31.62277660  45.00000000  50.99019514  10.00000000  19.02629759  32.44996148   8.94427191  52.77309921  37.21558813  32.20248438  20.22374842  25.00000000   0.00000000  41.23105626  46.09772229  50.53711507  40.00000000  47.16990566  57.00877125  15.81138830  25.49509757  41.23105626  29.15475947  40.31128874  56.56854249  46.09772229  14.14213562  15.00000000  18.02775638  10.00000000  14.14213562  28.28427125  22.02271555  23.76972865  42.72001873  40.00000000  52.92447449  32.06243908  36.40054945  45.70557953  66.40030120  35.00000000  52.20153254   9.43398113  15.81138830  18.38477631  32.01562119  36.23534186  44.40720662  52.20153254  59.94163828  59.20304046  52.80151513  68.59300256  28.16025568  38.47076812  36.23534186   9.21954446   8.54400375   8.24621125  24.35159132  19.92485885  34.23448554  40.49691346  43.18564576  49.04079934  56.43580424  69.63476143  57.42821606  53.33854141  19.20937271  40.24922359  48.04164860  11.40175425  11.40175425  10.81665383  22.80350850  23.08679276  32.55764119  17.02938637  34.00000000  48.25971405  44.38468204  45.35416188  39.05124838  51.03920062  27.07397274  43.18564576  32.64965543  40.01249805  33.06055051  29.83286778  30.26549190  33.73425559  30.01666204  35.51056181  37.05401463
 10.00000000  11.18033989  10.00000000  31.62277660  41.97618372  27.80287755  34.92849839  40.31128874   6.70820393  32.20248438  23.85372088  42.72001873  41.23105626   0.00000000  20.61552813  13.92838828  50.00000000  33.54101966  35.35533906  35.35533906  15.81138830  20.00000000  29.15475947  11.18033989  30.00000000  46.09772229  36.05551275  47.16990566  50.24937811  50.99019514  30.00000000  22.36067977  26.92582404  50.44799302  39.05124838  27.20294102  43.82921400  43.90899680  55.90169944  59.40538696  32.69556545  11.18033989  26.92582404  48.46648326  25.49509757  35.46829570  20.12461180  28.16025568  16.49242250  12.04159458  22.20360331  26.92582404  22.09072203  39.05124838  36.23534186  44.04543109  17.69180601  42.01190308  48.50773134  42.04759208  24.75883681  21.37755833   8.48528137   4.47213595   6.70820393  29.41088234  40.80441153  47.00000000  66.46803743  54.81788029  57.69748695  34.05877273  56.63920903  31.78049716  35.35533906  38.94868419  36.05551275  40.16217126  50.99019514  41.59326869  46.64761516  17.00000000   7.07106781   4.12310563   8.06225775  16.27882060  17.69180601  24.59674775  12.08304597  11.00000000  10.63014581  11.40175425  11.66190379   7.61577311  13.45362405   6.40312424  12.36931688
 20.61552813  31.62277660  25.00000000  39.05124838  37.64306045  17.26267650  43.41658669  20.24845673  26.07680962  21.02379604  36.24913792  35.35533906  46.09772229  20.61552813   0.00000000  12.20655562  36.40054945  14.14213562  15.00000000  33.54101966  26.92582404  40.31128874  46.09772229  10.00000000  11.18033989  29.15475947  47.16990566  57.00877125  47.43416490  54.08326913  32.01562119  18.02775638  24.69817807  44.72135955  22.36067977  11.18033989  24.20743687  33.06055051  45.27692569  45.54119015  20.59126028  30.00000000  47.43416490  55.17245690  32.01562119  48.30113870  38.20994635  47.09564736  37.10795063  18.43908891  18.11077028  13.41640786   7.28010989  22.80350850  27.16615541  30.08321791   9.89949494  42.54409477  50.77400910  50.32891813  39.84971769  28.84441020  26.01922366  16.27882060  27.20294102   8.94427191  20.24845673  27.45906044  49.92995093  37.01351105  65.06919394  18.02775638  41.14608122  40.80441153  45.22167622  48.60041152  30.08321791  33.73425559  41.04875150  38.27531842  35.22782991   5.83095189  14.31782106  21.02379604  28.28427125  35.77708764  32.98484500   6.32455532  16.15549442  31.40063694  28.07133770  23.76972865  26.47640459  23.08679276  29.42787794  24.00000000  32.06243908
 19.84943324  23.00000000  13.92838828  41.88078318  46.17358552  27.29468813  45.80392996  31.89043744  20.61552813  31.57530681  36.06937759  45.04442252  50.53711507  13.92838828  12.20655562   0.00000000  48.10405388  26.24880950  24.16609195  40.79215611  26.90724809  33.37663854  42.94182111  10.44030651  17.72004515  41.34005322  48.10405388  58.89821729  55.57877293  59.61543424  37.33630941  25.17935662  31.57530681  54.00925847  34.48187930  22.84731932  36.06937759  43.93176527  56.29387178  57.38466694  18.78829423  25.07987241  38.32753579  58.83026432  34.98571137  48.16637832  34.01470270  42.05948169  29.01723626   6.40312424   9.43398113  13.15294644   9.48683298  25.31797780  37.21558813  41.78516483  17.00000000  49.04079934  56.64803615  53.00943312  38.01315562  31.06444913  21.95449840  11.40175425  19.10497317  20.51828453  31.06444913  34.36568055  62.12889827  49.20365840  68.50547423  29.96664813  53.23532662  42.80186912  46.86149806  50.44799302  39.01281841  43.00000000  51.78802950  46.38965402  46.32493929   6.40312424   7.21110255  12.04159458  21.84032967  25.70992026  30.80584360  18.35755975  17.88854382  24.51530134  24.18677324  22.62741700  24.20743687  20.00000000  26.62705391  19.72308292  26.24880950
 42.42640687  60.20797289  58.30951895  41.23105626  21.02379604  22.20360331  44.72135955  25.00000000  51.62363800  17.80449381  47.42362281  15.00000000  40.00000000  50.00000000  36.40054945  48.10405388   0.00000000  25.00000000  35.35533906  25.49509757  43.01162634  64.03124237  60.41522987  40.31128874  40.00000000  11.18033989  50.99019514  55.00000000  26.92582404  41.23105626  31.62277660  28.28427125  26.92582404  20.12461180  15.00000000  25.29822128  21.93171220   8.24621125  11.18033989   9.43398113  53.00000000  53.15072906  74.33034374  48.25971405  38.07886553  54.57105460  57.14017851  65.36818798  63.65532185  53.71219601  54.34151268  47.16990566  42.75511665  49.64876635  15.26433752   6.32455532  32.75667871  31.06444913  37.85498646  48.04164860  53.22593353  38.94868419  49.51767361  46.04345773  56.08029957  31.06444913  29.41088234  43.46262762  18.38477631  14.31782106  56.29387178  18.43908891   8.24621125  44.38468204  47.85394446  49.36598019  18.97366596  17.11724277  10.00000000  23.02172887   6.00000000  42.05948169  47.01063709  52.69724851  54.45181356  66.06814664  49.92995093  30.08321791  38.28837944  57.28001397  50.32891813  43.93176527  46.86149806  46.66904756  49.20365840  48.79549160  55.97320788
 30.41381265  44.72135955  39.05124838  42.72001873  33.42154993  14.76482306  47.16990566   7.07106781  37.94733192  15.55634919  43.28972164  29.15475947  47.16990566  33.54101966  14.14213562  26.24880950  25.00000000   0.00000000  11.18033989  32.01562119  35.00000000  52.20153254  55.00000000  22.36067977  15.00000000  15.81138830  52.20153254  60.41522987  43.01162634  53.15072906  33.54101966  20.61552813  25.49509757  38.47076812  10.00000000   8.06225775  10.29563014  24.35159132  35.35533906  33.37663854  28.00000000  41.23105626  60.41522987  56.60388679  36.40054945  54.34151268  48.37354649  57.42821606  49.76946855  32.55764119  30.46309242  22.36067977  18.78829423  25.29822128  21.40093456  19.10497317  17.26267650  41.10960958  49.57822102  53.22593353  48.04164860  34.52535300  37.10795063  29.06888371  40.24922359   6.32455532   9.48683298  22.67156810  36.23534186  23.02172887  66.28725368   8.06225775  28.16025568  45.22167622  49.64876635  52.55473337  26.17250466  28.60069929  32.01562119  34.71310992  25.70992026  19.84943324  28.01785145  34.66987165  40.49691346  49.39635614  42.04759208   8.94427191  25.31797780  43.65775991  38.83297568  33.24154028  36.34556369  33.95585369  39.31920650  35.44009029  43.68065934
 35.35533906  46.09772229  38.07886553  51.47815070  44.40720662  24.75883681  55.94640292  11.18033989  41.04875150  26.40075756  50.28916384  40.31128874  57.00877125  35.35533906  15.00000000  24.16609195  35.35533906  11.18033989   0.00000000  42.42640687  41.23105626  55.22680509  60.82762530  25.00000000   7.07106781  25.00000000  60.41522987  69.46221995  54.08326913  63.63961031  43.01162634  29.15475947  35.00000000  49.64876635  20.61552813  17.02938637  15.52417470  35.46829570  46.09772229  43.00000000  18.68154169  45.00000000  61.84658438  66.40030120  44.72135955  62.03224968  53.15072906  62.07253821  51.78802950  30.41381265  24.75883681  15.00000000  14.76482306  14.31782106  32.44996148  29.83286778  23.08679276  51.62363800  60.10823571  62.43396512  54.34151268  42.15447782  41.01219331  31.14482300  41.77319715   8.06225775   8.06225775  13.00000000  43.68065934  30.08321791  76.21679605  19.23538406  37.12142239  53.66563146  58.13776741  61.29437168  37.01351105  39.66106403  43.01162634  45.60701700  36.68787266  18.68154169  28.63564213  35.17101079  43.18564576  49.64876635  47.67598976  14.31782106  30.59411708  46.27094121  43.04648650  38.47076812  41.30375286  38.05259518  44.28317965  39.00000000  47.04253395
 25.49509757  42.72001873  45.27692569  15.81138830   7.21110255  17.69180601  19.23538406  37.21558813  33.83784863  16.64331698  23.43074903  11.18033989  15.81138830  35.35533906  33.54101966  40.79215611  25.49509757  32.01562119  42.42640687   0.00000000  22.36067977  43.01162634  36.05551275  30.41381265  43.01162634  30.41381265  25.49509757  30.41381265  15.00000000  21.21320344   7.07106781  15.81138830   9.21954446  15.65247584  26.92582404  25.49509757  37.16180835  17.26267650  25.00000000  32.69556545  54.12023651  33.54101966  54.08326913  25.07987241  14.14213562  29.12043956  34.71310992  41.86884283  44.29446918  44.10215414  49.72926704  46.95742753  40.71854614  55.00000000  12.36931688  23.02172887  24.35159132   9.21954446  17.69180601  23.19482701  29.20616373  16.64331698  31.01612484  33.01514804  39.56008089  34.71310992  41.04875150  54.67174773  43.68065934  38.01315562  34.48187930  24.69817807  33.73425559  18.97366596  22.36067977  24.02082430   7.07106781   8.54400375  20.24845673   6.32455532  19.64688270  37.00000000  36.05551275  39.20459157  36.40054945  49.04079934  27.80287755  29.41088234  24.00000000  38.48376281  30.87069808  25.29822128  27.31300057  29.12043956  28.65309756  31.32091953  36.23534186
  7.07106781  20.61552813  25.49509757  15.81138830  29.52964612  23.08679276  19.23538406  42.01190308  12.04159458  26.40075756   9.43398113  32.01562119  25.49509757  15.81138830  26.92582404  26.90724809  43.01162634  35.00000000  41.23105626  22.36067977   0.00000000  21.21320344  20.00000000  18.02775638  38.07886553  42.72001873  21.21320344  32.01562119  36.40054945  35.35533906  15.81138830  15.81138830  16.27882060  38.01315562  36.40054945  27.01851217  44.28317965  35.46829570  46.09772229  51.85556865  44.82186966  11.18033989  32.01562119  32.69556545  10.00000000  21.63330765  14.31782106  23.08679276  21.95449840  27.29468813  36.23534186  38.01315562  31.90611227  49.24428901  27.80287755  38.07886553  18.24828759  27.29468813  33.06055051  26.41968963  13.15294644   6.08276253   9.05538514  15.81138830  18.02775638  33.54101966  44.10215414  54.12023651  61.05735009  51.62363800  42.05948169  31.78049716  50.77400910  16.12451550  20.00000000  23.60084744  25.49509757  29.20616373  41.10960958  28.63564213  38.28837944  26.62705391  20.00000000  19.92485885  14.31782106  26.92582404   7.28010989  27.29468813  10.77032961  16.15549442   8.54400375   4.47213595   5.09901951   8.24621125   6.40312424  10.04987562  13.89244399
 22.36067977  11.18033989  22.36067977  31.62277660  50.21951812  43.04648650  32.55764119  59.20304046  14.31782106  46.87216658  21.18962010  53.15072906  41.23105626  20.00000000  40.31128874  33.37663854  64.03124237  52.20153254  55.22680509  43.01162634  21.21320344   0.00000000  15.81138830  30.41381265  50.00000000  62.64982043  30.00000000  40.31128874  55.90169944  50.99019514  36.05551275  36.05551275  37.48332963  58.52349955  55.90169944  44.94441011  62.29767251  56.63920903  67.26812024  73.00000000  51.66236541  11.18033989  11.18033989  45.04442252  29.15475947  27.16615541   9.21954446  10.63014581   5.65685425  29.41088234  40.16217126  46.52956050  42.04759208  58.69412236  48.91829923  58.82176468  35.11409973  46.09772229  49.72926704  38.05259518  17.11724277  26.40075756  15.23154621  24.08318916  14.31782106  48.83646179  60.20797289  67.00000000  81.84130986  71.58910532  52.23983155  50.99019514  71.61005516  29.83286778  31.14482300  34.01470270  46.69047012  50.32891813  62.28964601  49.09175083  59.46427499  37.00000000  27.01851217  21.37755833  12.04159458  13.60147051  15.26433752  43.41658669  27.31300057   9.00000000  13.89244399  20.24845673  17.20465053  18.38477631  14.86606875  16.76305461   8.54400375
 25.49509757  25.00000000  35.35533906  21.21320344  42.80186912  42.57933771  20.24845673  62.00806399  22.47220505  45.35416188  13.00000000  47.16990566  29.15475947  29.15475947  46.09772229  42.94182111  60.41522987  55.00000000  60.82762530  36.05551275  20.00000000  15.81138830   0.00000000  36.40054945  57.00877125  61.84658438  15.81138830  25.00000000  46.09772229  38.07886553  29.15475947  35.35533906  33.83784863  50.24937811  55.90169944  47.01063709  64.19501538  52.32590181  61.03277808  68.47627326  61.71709650  18.02775638  25.00000000  30.80584360  22.36067977  12.16552506   9.21954446   7.28010989  21.02379604  40.80441153  51.31276644  55.54277631  49.97999600  67.41661516  45.31004304  56.30275304  38.11823711  36.12478374  37.58989226  24.04163056   7.28010989  21.84032967  21.02379604  31.78049716  26.17250466  53.33854141  64.07027392  73.54590403  78.79086241  70.60453243  37.00000000  51.47815070  68.54195795  18.43908891  17.88854382  19.92485885  41.59326869  44.41846463  56.30275304  41.23105626  55.00909016  44.59820624  35.77708764  32.20248438  22.02271555  29.06888371  13.15294644  47.16990566  30.26549190  20.51828453  18.78829423  22.36067977  19.64688270  23.40939982  16.76305461  23.25940670  17.69180601
 11.18033989  22.36067977  18.02775638  32.01562119  36.01388621  18.38477631  36.12478374  29.15475947  16.12451550  22.84731932  27.45906044  35.35533906  40.31128874  11.18033989  10.00000000  10.44030651  40.31128874  22.36067977  25.00000000  30.41381265  18.02775638  30.41381265  36.40054945   0.00000000  20.61552813  35.35533906  39.05124838  49.49747468  45.27692569  49.24428901  26.92582404  15.00000000  21.21320344  44.04543109  28.28427125  16.27882060  32.64965543  35.11409973  47.43416490  49.73932046  26.90724809  20.00000000  38.07886553  48.82622246  25.00000000  39.66106403  28.28427125  37.12142239  27.51363298  14.14213562  19.69771560  20.00000000  13.89244399  31.30495168  27.89265136  34.13209633   7.61577311  38.60051813  46.23851209  43.27817002  30.46309242  21.26029163  16.03121954   6.70820393  17.88854382  18.43908891  29.83286778  37.33630941  55.97320788  43.93176527  58.60034130  23.34523506  46.40043103  33.24154028  37.48332963  41.01219331  29.06888371  33.13608305  42.72001873  36.12478374  37.69615365   8.60232527   6.70820393  12.72792206  18.43908891  27.20294102  23.40939982  13.41640786   7.81024968  21.58703314  18.11077028  14.31782106  16.76305461  13.15294644  19.64688270  14.00000000  22.09072203
 31.62277660  40.31128874  31.62277660  50.00000000  46.06517123  25.55386468  54.40588203  17.46424920  36.12478374  28.23118843  47.42362281  42.72001873  56.56854249  30.00000000  11.18033989  17.72004515  40.00000000  15.00000000   7.07106781  43.01162634  38.07886553  50.00000000  57.00877125  20.61552813   0.00000000  30.41381265  58.30951895  68.00735254  55.90169944  64.03124237  42.42640687  28.28427125  34.71310992  52.20153254  25.00000000  17.88854382  21.93171220  38.83297568  50.24937811  48.25971405  13.00000000  40.31128874  55.90169944  65.79513660  43.01162634  59.48108943  48.83646179  57.55866572  46.17358552  23.76972865  17.69180601   8.06225775   8.24621125  12.04159458  34.53983208  34.05877273  20.80865205  52.20153254  60.60528030  61.22091146  50.92150823  39.96248241  36.49657518  26.07680962  36.12478374   9.21954446  15.00000000  17.00000000  49.97999600  36.40054945  75.69015788  22.36067977  42.75511665  51.86520992  56.30275304  59.64059020  38.47076812  41.62931659  46.69047012  47.01063709  40.44749683  13.00000000  23.02172887  29.27456234  38.01315562  43.41658669  43.96589587  13.60147051  27.31300057  41.00000000  38.63935817  34.78505426  37.36308338  33.73425559  40.26164428  34.36568055  42.10700654
 40.31128874  57.00877125  53.15072906  45.00000000  28.23118843  19.69771560  49.04079934  14.14213562  49.09175083  16.49242250  49.03060269  22.36067977  46.09772229  46.09772229  29.15475947  41.34005322  11.18033989  15.81138830  25.00000000  30.41381265  42.72001873  62.64982043  61.84658438  35.35533906  30.41381265   0.00000000  55.00000000  60.82762530  36.05551275  49.24428901  35.00000000  26.92582404  28.28427125  29.83286778   7.07106781  19.10497317  10.77032961  15.26433752  22.36067977  18.00000000  43.28972164  51.47815070  72.11102551  55.08175742  40.31128874  58.07753438  57.00877125  65.78753681  61.29437168  47.43416490  46.23851209  38.07886553  34.53983208  39.11521443  18.11077028   8.06225775  28.42534081  37.94733192  45.69463864  53.60037313  54.57105460  40.02499219  47.50789408  41.77319715  52.63078947  22.13594362  18.43908891  32.31098884  20.80865205   8.94427191  63.90618123  12.04159458  12.36931688  48.01041554  52.00961450  54.14794548  23.34523506  23.40939982  20.61552813  30.08321791  14.86606875  34.98571137  41.77319715  48.08326112  51.86520992  62.36986452  49.97999600  23.02172887  35.51056181  54.91812087  48.76474136  42.48529157  45.61797891  44.41846463  48.33218389  46.32493929  54.20332093
 28.28427125  36.40054945  44.72135955  10.00000000  31.01612484  37.85498646   6.32455532  58.69412236  30.41381265  39.20459157  12.20655562  36.40054945  14.14213562  36.05551275  47.16990566  48.10405388  50.99019514  52.20153254  60.41522987  25.49509757  21.21320344  30.00000000  15.81138830  39.05124838  58.30951895  55.00000000   0.00000000  11.18033989  32.01562119  22.36067977  20.00000000  31.62277660  27.29468813  37.21558813  50.24937811  44.27188724  59.84145720  42.75511665  49.24428901  57.87054518  65.94694838  26.92582404  40.31128874  15.13274595  15.81138830   4.24264069  21.09502311  23.08679276  34.23448554  48.01041554  57.38466694  59.03388857  52.80151513  69.89277502  37.05401463  48.16637832  37.58989226  22.47220505  22.20360331   8.24621125  13.15294644  18.35755975  27.78488798  36.87817783  35.84689666  52.39274759  61.68468205  73.40980861  69.12307864  63.12685641  22.56102835  46.69047012  59.22837158   7.07106781   3.16227766   4.12310563  32.24903099  33.95585369  44.94441011  29.15475947  45.12205669  47.63402146  41.10960958  39.96248241  31.38470965  41.77319715  18.78829423  46.09772229  31.40063694  31.32091953  25.94224354  25.49509757  24.41311123  28.60069929  22.82542442  29.68164416  28.16025568
 39.05124838  47.43416490  55.90169944  18.02775638  34.01470270  45.69463864  13.60147051  66.48308055  41.59326869  46.17358552  23.32380758  40.00000000  15.00000000  47.16990566  57.00877125  58.89821729  55.00000000  60.41522987  69.46221995  30.41381265  32.01562119  40.31128874  25.00000000  49.49747468  68.00735254  60.82762530  11.18033989   0.00000000  31.62277660  18.02775638  26.92582404  40.31128874  34.92849839  38.07886553  57.00877125  52.77309921  67.05221846  47.04253395  50.99019514  60.53098380  76.38062582  38.07886553  50.00000000   8.60232527  25.00000000  13.15294644  31.78049716  32.06243908  44.91102315  59.07622195  68.24954212  69.35416354  63.03173804  79.81227976  42.75511665  53.33854141  47.20169488  24.08318916  19.69771560   7.28010989  24.04163056  28.31960452  38.94868419  47.80167361  47.01063709  61.40032573  69.85699679  82.36504113  72.33947747  68.26419266  12.00000000  54.08326913  63.03173804  16.27882060  12.04159458   8.48528137  37.48332963  38.05259518  47.38143096  32.01562119  49.00000000  58.00000000  52.00961450  51.10772936  42.54409477  52.63078947  29.96664813  55.22680509  41.72529209  42.37924020  37.12142239  36.40054945  35.51056181  39.66106403  34.00000000  40.81666326  39.21734310
 40.31128874  57.00877125  60.20797289  25.00000000   9.84885780  30.46309242  26.17250466  46.69047012  48.27007354  27.78488798  34.98571137  14.14213562  18.02775638  50.24937811  47.43416490  55.57877293  26.92582404  43.01162634  54.08326913  15.00000000  36.40054945  55.90169944  46.09772229  45.27692569  55.90169944  36.05551275  32.01562119  31.62277660   0.00000000  15.00000000  20.61552813  30.41381265  24.08318916   7.07106781  35.35533906  38.01315562  45.34313620  20.80865205  20.00000000  30.06659276  67.77905281  47.43416490  67.08203932  23.53720459  26.92582404  36.23534186  47.01063709  52.80151513  57.93962375  59.07622195  64.32728814  60.74537019  54.70831747  67.60177512  21.63330765  28.01785145  38.83297568  10.00000000  12.16552506  25.94224354  40.22437072  30.36445290  45.35416188  48.01041554  54.12947441  47.01063709  50.99019514  65.29931087  42.10700654  41.23105626  30.06659276  35.00000000  33.95585369  27.65863337  29.06888371  28.84441020  17.46424920  14.42220510  17.46424920   9.21954446  21.47091055  51.41984053  51.03920062  54.14794548  50.69516742  63.32456080  40.71854614  42.54409477  39.00000000  52.49761899  44.92215489  39.81205847  41.48493703  43.73785546  42.37924020  45.89117562  49.97999600
 41.23105626  55.00000000  60.82762530  20.00000000  21.02379604  38.89730068  18.43908891  58.00862005  47.16990566  37.64306045  30.14962686  26.92582404  10.00000000  50.99019514  54.08326913  59.61543424  41.23105626  53.15072906  63.63961031  21.21320344  35.35533906  50.99019514  38.07886553  49.24428901  64.03124237  49.24428901  22.36067977  18.02775638  15.00000000   0.00000000  22.36067977  36.05551275  29.41088234  22.02271555  47.16990566  46.69047012  57.45432969  34.17601498  35.00000000  45.04442252  74.62573283  45.00000000  61.84658438   9.43398113  25.49509757  26.41968963  41.77319715  45.31004304  54.33231083  61.68468205  68.94200461  67.41661516  61.05735009  76.05918748  32.44996148  41.23105626  44.41846463  12.04159458   3.60555128  14.42220510  33.95585369  29.61418579  44.18144407  50.00000000  53.15072906  55.90169944  62.00806399  75.82216035  57.07889277  55.36244214  15.13274595  45.60701700  48.66210024  21.21320344  20.24845673  18.35755975  27.20294102  25.94224354  32.24903099  19.23538406  35.44009029  56.82429058  53.75872022  55.10898293  49.04079934  61.03277808  37.05401463  50.44799302  41.78516483  50.00999900  43.04648650  39.62322551  40.19950248  43.56604182  40.01249805  45.39823785  47.04253395
 20.00000000  36.40054945  40.00000000  10.00000000  14.21267040  18.78829423  14.14213562  39.56008089  27.65863337  19.41648784  16.40121947  18.02775638  14.14213562  30.00000000  32.01562119  37.33630941  31.62277660  33.54101966  43.01162634   7.07106781  15.81138830  36.05551275  29.15475947  26.92582404  42.42640687  35.00000000  20.00000000  26.92582404  20.61552813  22.36067977   0.00000000  14.14213562   8.06225775  22.47220505  30.41381265  26.07680962  40.26164428  23.40939982  32.01562119  39.35733731  52.43090692  26.92582404  47.16990566  23.43074903   7.07106781  23.19482701  27.65863337  34.82814953  37.57658846  39.81205847  46.61544808  45.22167622  38.83297568  54.45181356  17.11724277  28.28427125  22.20360331  12.04159458  19.31320792  19.69771560  22.20360331   9.84885780  24.73863375  28.28427125  33.54101966  35.00000000  42.95346319  55.75840744  49.97999600  43.18564576  33.30165161  27.20294102  39.84971769  13.03840481  17.02938637  19.41648784  12.64911064  15.26433752  27.20294102  13.03840481  26.00000000  34.48187930  31.78049716  34.01470270  30.08321791  42.72001873  20.80865205  29.06888371  19.64688270  31.95309062  24.35159132  19.23538406  20.88061302  23.19482701  21.93171220  25.31797780  29.54657341
