  0.00000000   6.28179115  52.21999617  55.59245362  52.19066966  60.68522061  51.63545778  41.83596539  32.65294014  32.97907367  32.65138588  34.67227278  64.38111524  69.32876531  66.66458280  68.17074152  71.76174817  60.89604256  62.20590326  66.51892738  69.69377591  56.34204469  70.35316624  70.63458997  71.16025365  68.87699543  60.51146338  60.35203393  50.93274193  57.56885008  58.42503316  64.31140257 101.95473505 108.85528237 108.20673038 103.37092870 109.33377978  91.48097070  82.62002784  96.00950838  97.36734771  92.69659001  21.56033395  30.71801100  21.19177199  31.38493906  27.96971577  52.21156960  54.47647933  55.97425301  56.80535626  48.85521671
  6.28179115   0.00000000  51.78397532  54.09367616  50.82812312  59.67008715  50.81684957  41.90059785  33.36005396  32.96604314  32.32450618  34.28093639  64.38291777  69.01121793  66.93437159  68.14515757  71.98733778  59.14778187  60.55948563  65.09332531  68.35541310  54.02723850  71.71108771  72.43280610  72.68476594  70.55920918  61.80341819  57.97206310  48.47875514  54.32037003  56.17410969  61.21094347 100.29067803 107.13977599 106.44148158 102.24795744 107.33570375  94.48576665  85.81464735  98.56425823 100.46194553  96.10783995  26.58157445  35.50665431  25.23367789  36.12980072  33.12797760  46.15062405  48.41622146  49.92985179  50.80529500  43.02668591
 52.21999617  51.78397532   0.00000000   9.57697760   7.72893266   9.69560725   3.25338285  10.81665383  20.48810631  19.28715894  19.58414154  17.57619128  13.03840481  17.22881598  16.23108746  16.64010817  20.91488704  14.31782106  14.49623399  16.67109175  19.13430427  16.73526815  25.80697580  29.30520261  27.65802777  27.03937314  18.05167028  19.02629759  16.95042772  25.63089737  17.00095586  27.50331798  51.22499390  58.14544264  57.65078057  51.48804230  59.50450235  56.58621740  50.83548564  56.89273504  62.55068025  61.35388659  43.86342440  41.94576737  38.88337434  41.62491562  44.82687810  58.60034130  59.85226144  60.32474948  59.75199160  52.20656089
 55.59245362  54.09367616   9.57697760   0.00000000   3.54278139   6.99411896   6.87188475  17.69685000  26.52330673  24.15626213  23.78660337  21.84106225  17.19472303  18.51478328  20.89422169  19.65792715  24.30914643   5.69723617   6.69836547  11.00081815  14.29039188   7.50880150  32.68728346  36.88604072  34.72821619  34.67671553  26.49800936   9.44978836   9.82132883  16.72862218   7.45077177  17.94193412  46.36246866  53.26673446  52.63009785  48.22577112  53.91131699  64.20357077  59.14841080  63.59031373  70.00675182  69.42363070  50.52562221  49.82539212  45.27796926  49.58519235  52.35168479  52.94278516  53.92775630  54.19918173  53.44354217  46.62896632
 52.19066966  50.82812312   7.72893266   3.54278139   0.00000000   9.23049294   4.52527347  14.34909056  23.00787039  20.61348345  20.25420944  18.30270199  18.01378361  20.32590711  21.64652859  20.95108589  25.58185490   9.22477100  10.22829409  14.32909278  17.54000000   9.22019523  32.68541571  36.55174551  34.64687720  34.30251449  25.61051347  12.10356972   9.40503057  17.91682170   9.89923734  20.27098666  49.78570478  56.70023721  56.07780042  51.42401482  57.41025170  63.90693546  58.41476697  63.77765204  69.80748957  68.85830814  47.01208781  46.46105681  41.75328011  46.23742640  48.92391031  52.02630489  53.14150920  53.51303580  52.84893282  45.65762368
 60.68522061  59.67008715   9.69560725   6.99411896   9.23049294   0.00000000   9.13584698  20.28311613  29.85427440  28.18872292  28.18320422  26.16049120  10.95101822  11.53114478  14.58567105  12.89658870  17.50800103   7.19199555   6.36502946   7.02325423   9.47864969  13.34143920  26.99193954  31.56274544  29.10117695  29.44589105  22.30756822  13.50869350  16.73418657  22.38438072  12.30874892  21.78507058  41.79862199  48.73234347  48.19600502  42.68683286  49.91803882  58.61130266  54.17564951  57.45711531  64.27483800  64.15954644  53.48723960  51.61863423  48.44594513  51.28731617  54.52189468  59.80706313  60.73902535  60.96458808  60.16446543  53.51927690
 51.63545778  50.81684957   3.25338285   6.87188475   4.52527347   9.13584698   0.00000000  11.42473194  20.82366442  19.05346688  19.06507015  17.03977699  15.16853651  18.59034158  18.60495902  18.53071234  23.00984572  12.16077711  12.65940362  15.67448883  18.50901672  13.66979517  28.82645486  32.45620434  30.72008138  30.19393648  21.28605412  16.23466969  13.69864592  22.44124774  14.12090649  24.59977642  50.91035749  57.84514673  57.29532267  51.75300764  58.93159170  59.76926049  54.07957933  59.93953286  65.71646445  64.58402047  44.64554289  43.36692864  39.52024924  43.09240884  46.05479888  55.59788215  56.81014786  57.25378677  56.65514098  49.20742728
 41.83596539  41.90059785  10.81665383  17.69685000  14.34909056  20.28311613  11.42473194   0.00000000   9.67483850   8.93949104   9.69116092   7.91343794  22.56102835  27.54363992  25.03493958  26.34640772  30.08841139  23.32380758  24.00043333  27.05448761  29.75905912  22.82343532  31.32091953  33.40860518  32.73295740  31.23407914  21.73436910  26.24880950  20.23108994  29.98004169  23.99025844  33.90328155  62.00806399  68.93397203  68.42567135  62.26699366  70.20089601  59.40538696  52.35481449  61.22420518  65.52913550  63.15567591  33.24154028  32.12954092  28.16445987  31.89535389  34.69105072  55.90169944  57.47428294  58.20940989  57.90907096  49.61557215
 32.65294014  33.36005396  20.48810631  26.52330673  23.00787039  29.85427440  20.82366442   9.67483850   0.00000000   3.78782259   5.41764709   6.08251593  31.87259795  37.07071351  34.02667336  35.66134181  39.12812288  32.22052917  33.09124507  36.49343229  39.30610258  30.38564299  38.44141647  39.55340946  39.52285921  37.56105430  28.53440204  34.17517374  26.54375444  35.99414675  31.92448903  41.00892586  71.63408756  78.56413940  78.04245639  71.93529593  79.74761752  63.70826085  55.81339355  66.64727001  69.83158096  66.56145807  24.00421838  24.31831614  18.76582266  24.23430833  26.28532861  54.84617124  56.67405844  57.63349807  57.59475671  48.88198953
 32.97907367  32.96604314  19.28715894  24.15626213  20.61348345  28.18872292  19.05346688   8.93949104   3.78782259   0.00000000   1.70672200   2.53160028  31.48292394  36.34977029  33.96871060  35.26304723  39.02705728  29.82070589  30.82617232  34.55471314  37.52042777  27.37046766  39.59008083  41.14791125  40.83420135  39.06806880  29.76833385  31.25467165  23.22305966  32.52045818  29.03055287  37.76117053  69.94508203  76.87971124  76.31555150  70.69596877  77.85041361  66.06401819  58.40863720  68.61399420  72.19962950  69.19777525  26.72890757  27.79536832  21.36983154  27.75252241  29.53522135  51.40169744  53.19086482  54.11701858  54.03998890  45.37109763
 32.65138588  32.32450618  19.58414154  23.78660337  20.25420944  28.18320422  19.06507015   9.69116092   5.41764709   1.70672200   0.00000000   2.02684484  32.05898626  36.76273793  34.67315965  35.82090172  39.69810701  29.40201694  30.48182737  34.37752900  37.41481257  26.56736720  40.73105204  42.43291765  42.02779200  40.32863127  30.96276796  30.50341948  22.20533269  31.34897925  28.30455970  36.76362469  69.83651337  76.76791061  76.18252621  70.80883066  77.62824744  67.55485623  59.96432273  69.99153163  73.69179194  70.76034200  27.57496328  29.07606576  22.18362008  29.06207494  30.66626811  49.70089134  51.48683910  52.41116293  52.33327144  43.66564783
 34.67227278  34.28093639  17.57619128  21.84106225  18.30270199  26.16049120  17.03977699   7.91343794   6.08251593   2.53160028   2.02684484   0.00000000  30.11681424  34.76992378  32.78358888  33.87010038  37.79006483  27.47767275  28.53032247  32.38096354  35.40542473  24.86241541  39.14872284  41.01271023  40.49934567  38.87992027  29.45045500  28.76147597  20.69208786  30.01133786  26.54449095  35.22960403  67.83010025  74.76232340  74.18077918  68.78209796  75.64634360  66.44714065  59.00759358  68.68307506  72.58408985  69.81552048  29.23221682  30.28908879  23.86259206  30.23435298  32.06325779  50.09014374  51.81995465  52.69414484  52.55607482  43.97022288
 64.38111524  64.38291777  13.03840481  17.19472303  18.01378361  10.95101822  15.16853651  22.56102835  31.87259795  31.48292394  32.05898626  30.11681424   0.00000000   5.87299753   3.69975675   3.79120034   7.88241714  18.02775638  16.90860136  14.95544382  15.04000000  24.19812389  16.12451550  20.87905410  18.25339694  18.86021474  13.35300715  24.41311123  26.93022466  33.31970738  23.25795563  32.50434586  42.63801121  49.34158996  49.03582874  41.14314645  51.57660128  47.70744177  43.58080541  46.53518346  53.33730027  53.37358335  53.53503526  49.82697462  49.02404308  49.36307932  53.23390837  69.97142274  71.02572210  71.33747542  70.60878486  63.61953316
 69.32876531  69.01121793  17.22881598  18.51478328  20.32590711  11.53114478  18.59034158  27.54363992  37.07071351  36.34977029  36.76273793  34.76992378   5.87299753   0.00000000   6.78410643   3.34934322   6.67060717  17.47260999  15.98707290  12.48041666  11.32879958  24.49698145  18.85343735  23.97969975  20.96280993  22.24838421  18.54069308  23.73630342  28.25772284  33.11223339  23.09626810  31.06841805  36.76998912  43.46859326  43.16434176  35.37830126  45.73071725  49.60052520  46.45400844  47.40513474  54.93006190  55.70535432  59.20972977  55.66771865  54.60911371  55.21023184  59.04640294  71.27757081  72.16656082  72.35239111  71.51298763  65.01071373
 66.66458280  66.93437159  16.23108746  20.89422169  21.64652859  14.58567105  18.60495902  25.03493958  34.02667336  33.96871060  34.67315965  32.78358888   3.69975675   6.78410643   0.00000000   3.45244841   5.10365555  21.58212686  20.38835452  17.99890274  17.58904773  27.87485247  12.75806412  17.70103104  14.89960067  15.80717875  11.90718271  27.98228368  30.62126059  36.96955098  26.89148006  35.95969549  42.75614810  49.29486484  49.07048909  40.46880898  51.85965677  44.21095113  40.37865773  42.87260780  49.78311561  49.99897999  54.82525148  50.55029179  50.52030285  50.04588495  54.09415495  73.63971890  74.70594220  75.02493719  74.30135194  67.28263966
 68.17074152  68.14515757  16.64010817  19.65792715  20.95108589  12.89658870  18.53071234  26.34640772  35.66134181  35.26304723  35.82090172  33.87010038   3.79120034   3.34934322   3.45244841   0.00000000   4.65563100  19.50315872  18.15591364  15.21089412  14.44610674  26.20686933  15.67843104  20.75836458  17.80620398  18.97294126  15.30976159  25.88229511  29.47899930  35.10188741  25.00931227  33.56420266  39.57086302  46.17981919  45.92223971  37.65703254  48.62234260  46.75353676  43.32829330  44.92118988  52.19019065  52.73200357  57.17913256  53.26222864  52.72167296  52.78039409  56.72802658  72.60064187  73.57683331  73.82764387  73.04380946  66.28308532
 71.76174817  71.98733778  20.91488704  24.30914643  25.58185490  17.50800103  23.00984572  30.08841139  39.12812288  39.02705728  39.69810701  37.79006483   7.88241714   6.67060717   5.10365555   4.65563100   0.00000000  23.94227433  22.52340338  19.15065012  17.83573099  30.77516694  13.01124514  18.19508175  15.01468614  16.74898206  15.60970531  30.27693016  34.13047465  39.58102828  29.50865975  37.72895440  39.02809885  45.37023253  45.22283715  36.06302261  48.24000104  43.03826786  40.25394018  40.73469529  48.30504425  49.25213193  59.78722690  55.28303628  55.54499887  54.75915723  58.88675997  77.25161811  78.22044554  78.46338828  77.67106282  70.93650189
 60.89604256  59.14778187  14.31782106   5.69723617   9.22477100   7.19199555  12.16077711  23.32380758  32.22052917  29.82070589  29.40201694  27.47767275  18.02775638  17.47260999  21.58212686  19.50315872  23.94227433   0.00000000   1.70317351   6.68321031  10.00008000   7.31773189  34.13209633  38.74706311  36.25033103  36.63615291  29.36499276   6.40312424  12.21216607  15.64617845   5.65088489  14.59563291  41.14608122  48.01137886  47.33616482  43.56671321  48.46282905  65.73431372  61.36763479  64.37020506  71.35592197  71.33469983  56.22277119  55.43128539  50.97407969  55.17711120  58.00645654  54.23098745  55.00048363  55.11021139  54.21531610  48.06604831
 62.20590326  60.55948563  14.49623399   6.69836547  10.22829409   6.36502946  12.65940362  24.00043333  33.09124507  30.82617232  30.48182737  28.53032247  16.90860136  15.98707290  20.38835452  18.15591364  22.52340338   1.70317351   0.00000000   4.99196354   8.32615157   9.00562047  33.03302590  37.73294184  35.16165099  35.65428025  28.67258621   7.75504997  13.89935970  17.14002625   7.26314670  15.59593857  39.77009932  46.65633183  46.00097934  42.00933349  47.22546982  64.59211097  60.40034603  63.06968923  70.16773333  70.27787276  57.06891273  56.02571731  51.85706509  55.75170670  58.68450733  55.88971998  56.64311079  56.73944836  55.83255412  49.73666857
 66.51892738  65.09332531  16.67109175  11.00081815  14.32909278   7.02325423  15.67448883  27.05448761  36.49343229  34.55471314  34.37752900  32.38096354  14.95544382  12.48041666  17.99890274  15.21089412  19.15065012   6.68321031   4.99196354   0.00000000   3.36162163  13.89097909  30.74386605  35.69081114  32.88482021  33.74566343  27.83778906  11.96767730  18.89118578  21.41491069  11.98886150  18.64451126  35.48528286  42.40964277  41.80987922  37.24965772  43.30080484  61.96148239  58.37748282  59.88363716  67.36309450  67.92310726  60.29598079  58.61604644  55.19159809  58.29147879  61.48144192  60.58304466  61.27089440  61.31532353  60.36400417  54.48393249
 69.69377591  68.35541310  19.13430427  14.29039188  17.54000000   9.47864969  18.50901672  29.75905912  39.30610258  37.52042777  37.41481257  35.40542473  15.04000000  11.32879958  17.58904773  14.44610674  17.83573099  10.00008000   8.32615157   3.36162163   0.00000000  17.10467772  30.12177950  35.20043892  32.24539812  33.37700556  28.32246458  14.85266306  22.21081268  24.18689935  15.12289985  20.73562394  32.42779055  39.36163233  38.79588251  33.93551679  40.44653014  60.87200999  57.75991863  58.36113861  66.12359639  67.02694533  62.96444711  60.95166118  57.92312146  60.60033003  63.92244833  63.55565750  64.18717941  64.18846158  63.20177608  57.50805335
 56.34204469  54.02723850  16.73526815   7.50880150   9.22019523  13.34143920  13.66979517  22.82343532  30.38564299  27.37046766  26.56736720  24.86241541  24.19812389  24.49698145  27.87485247  26.20686933  30.77516694   7.31773189   9.00562047  13.89097909  17.10467772   0.00000000  40.00236493  44.31046942  42.06985738  42.11594116  34.00642292   4.03350964   5.62880094   9.24697248   2.20492630  11.14054307  46.69292452  53.42107917  52.66163784  49.92634675  53.35050328  71.58400101  66.64134602  70.73119043  77.34375217  76.88245704  54.09463190  54.50050458  48.72189241  54.34013250  56.66184783  46.94282906  47.74614539  47.88888180  47.02673814  40.75928606
 70.35316624  71.71108771  25.80697580  32.68728346  32.68541571  26.99193954  28.82645486  31.32091953  38.44141647  39.59008083  40.73105204  39.14872284  16.12451550  18.85343735  12.75806412  15.67843104  13.01124514  34.13209633  33.03302590  30.74386605  30.12177950  40.00236493   0.00000000   5.18602931   2.14161154   3.96833718   9.91074165  40.49691346  42.03613921  49.21831874  39.23942533  48.62851530  50.69516742  56.62148444  56.61477281  46.37411455  59.96353725  31.62277660  27.65730645  31.11660811  37.34149970  37.25988996  55.08175742  48.95924223  51.68052631  48.33460044  52.84589861  84.40379138  85.63511663  86.07830970  85.46648758  78.01054416
 70.63458997  72.43280610  29.30520261  36.88604072  36.55174551  31.56274544  32.45620434  33.40860518  39.55340946  41.14791125  42.43291765  41.01271023  20.87905410  23.97969975  17.70103104  20.75836458  18.19508175  38.74706311  37.73294184  35.69081114  35.20043892  44.31046942   5.18602931   0.00000000   3.26377083   2.26808289  11.75323360  45.05701832  45.95497470  53.55553753  43.68679892  53.31344483  55.44650485  61.22401000  61.26168134  50.74088095  64.70672994  27.35936586  22.70498844  27.90706004  33.26482978  32.61046611  54.14789839  47.38000950  51.16901895  46.71816456  51.33886734  87.76613755  89.08199425  89.59150685  89.04299299  81.37506805
 71.16025365  72.68476594  27.65802777  34.72821619  34.64687720  29.10117695  30.72008138  32.73295740  39.52285921  40.83420135  42.02779200  40.49934567  18.25339694  20.96280993  14.89960067  17.80620398  15.01468614  36.25033103  35.16165099  32.88482021  32.24539812  42.06985738   2.14161154   3.26377083   0.00000000   2.87200279  11.06710893  42.60876084  44.01752492  51.29419655  41.33271102  50.75756101  52.22878995  58.05020241  58.07421631  47.64476886  61.49233855  29.52806292  25.52362239  29.23517402  35.28050028  35.12420391  55.39428220  48.99431906  52.16064513  48.35296992  52.91638404  86.25442887  87.50905839  87.97009776  87.37484535  79.86033120
 68.87699543  70.55920918  27.03937314  34.67671553  34.30251449  29.44589105  30.19393648  31.23407914  37.56105430  39.06806880  40.32863127  38.87992027  18.86021474  22.24838421  15.80717875  18.97294126  16.74898206  36.63615291  35.65428025  33.74566343  33.37700556  42.11594116   3.96833718   2.26808289   2.87200279   0.00000000   9.53295862  42.92350988  43.70685187  51.36260313  41.52324891  51.21752825  54.66340366  60.57949488  60.57750903  50.28705201  63.93174251  29.60452161  24.74636337  30.14534458  35.52380188  34.77547555  52.76635007  46.23871214  49.63822418  45.59127658  50.17294590  85.49963567  86.81420909  87.32342469  86.77525915  79.10837440
 60.51146338  61.80341819  18.05167028  26.49800936  25.61051347  22.30756822  21.28605412  21.73436910  28.53440204  29.76833385  30.96276796  29.45045500  13.35300715  18.54069308  11.90718271  15.30976159  15.60970531  29.36499276  28.67258621  27.83778906  28.32246458  34.00642292   9.91074165  11.75323360  11.06710893   9.53295862   0.00000000  35.36188343  34.96729043  43.19801963  33.71461553  43.87055163  54.50085137  60.93279331  60.75651817  51.64221626  63.65808825  38.65828242  32.80562452  39.65920448  44.68431492  43.30257498  45.91669413  40.46919075  42.23091285  39.89458610  44.23360939  76.16129463  77.52130030  78.07060522  77.56530474  69.77681133
 60.35203393  57.97206310  19.02629759   9.44978836  12.10356972  13.50869350  16.23466969  26.24880950  34.17517374  31.25467165  30.50341948  28.76147597  24.41311123  23.73630342  27.98228368  25.88229511  30.27693016   6.40312424   7.75504997  11.96767730  14.85266306   4.03350964  40.49691346  45.05701832  42.60876084  42.92350988  35.36188343   0.00000000   9.49510400   9.46588084   2.26550215   8.56343973  43.01162634  49.68090680  48.89818504  46.60685035  49.47914510  72.11102551  67.62519205  70.76922566  77.74874661  77.66169841  57.98275606  58.16087517  52.62239827  57.97856156  60.41431122  48.70318265  49.34301572  49.36431302  48.40165803  42.67042301
 50.93274193  48.47875514  16.95042772   9.82132883   9.40503057  16.73418657  13.69864592  20.23108994  26.54375444  23.22305966  22.20533269  20.69208786  26.93022466  28.25772284  30.62126059  29.47899930  34.13047465  12.21216607  13.89935970  18.89118578  22.21081268   5.62880094  42.03613921  45.95497470  44.01752492  43.70685187  34.96729043   9.49510400   0.00000000   9.75131273   7.82933586  14.55851984  52.32013953  59.04969517  58.28898781  55.45122632  58.95170227  73.31137020  67.77017633  73.09186617  79.20674340  78.24498195  49.75617550  50.85686581  44.35587222  50.75612475  52.75065118  43.12165349  44.11799859  44.40958905  43.68043155  36.80896630
 57.56885008  54.32037003  25.63089737  16.72862218  17.91682170  22.38438072  22.44124774  29.98004169  35.99414675  32.52045818  31.34897925  30.01133786  33.31970738  33.11223339  36.96955098  35.10188741  39.58102828  15.64617845  17.14002625  21.41491069  24.18689935   9.24697248  49.21831874  53.55553753  51.29419655  51.36260313  43.19801963   9.46588084   9.75131273   0.00000000  10.09784135   7.01280258  49.70133700  56.04322796  55.16104785  54.33258507  55.13514759  80.81585797  75.87681135  79.84149548  86.55784251  86.12933356  58.65614120  60.29493594  53.25792805  60.22585906  62.01467971  39.51762771  40.05549276  40.01752741  39.01661441  33.62888788
 58.42503316  56.17410969  17.00095586   7.45077177   9.89923734  12.30874892  14.12090649  23.99025844  31.92448903  29.03055287  28.30455970  26.54449095  23.25795563  23.09626810  26.89148006  25.00931227  29.50865975   5.65088489   7.26314670  11.98886150  15.12289985   2.20492630  39.23942533  43.68679892  41.33271102  41.52324891  33.71461553   2.26550215   7.82933586  10.09784135   0.00000000  10.50261872  44.49081366  51.22406661  50.46783134  47.74043360  51.18215802  70.85994990  66.16234654  69.75751429  76.55813543  76.29489432  55.75511187  55.89587552  50.40029067  55.71314118  58.15565751  48.64290801  49.38248374  49.47634687  48.57226575  42.51230998
 64.31140257  61.21094347  27.50331798  17.94193412  20.27098666  21.78507058  24.59977642  33.90328155  41.00892586  37.76117053  36.76362469  35.22960403  32.50434586  31.06841805  35.95969549  33.56420266  37.72895440  14.59563291  15.59593857  18.64451126  20.73562394  11.14054307  48.62851530  53.31344483  50.75756101  51.21752825  43.87055163   8.56343973  14.55851984   7.01280258  10.50261872   0.00000000  43.15127460  49.35504027  48.44659947  48.26363020  48.27539021  80.17064612  75.95638288  78.44619685  85.71115505  85.87277159  64.31043850  65.28017233  58.90899167  65.15318948  67.26628056  44.75860253  45.04366437  44.81882305  43.67534774  39.19270978
101.95473505 100.29067803  51.22499390  46.36246866  49.78570478  41.79862199  50.91035749  62.00806399  71.63408756  69.94508203  69.83651337  67.83010025  42.63801121  36.76998912  42.75614810  39.57086302  39.02809885  41.14608122  39.77009932  35.48528286  32.42779055  46.69292452  50.69516742  55.44650485  52.22878995  54.66340366  54.50085137  43.01162634  52.32013953  49.70133700  44.49081366  43.15127460   0.00000000   6.93487563   6.44457136   9.16397839   9.26853818  73.00684899  73.96922739  66.91235536  76.37556939  80.15372356  95.01578816  92.20980100  90.09992675  91.78493123  95.44678622  87.05170877  86.99915632  86.51216909  85.18814765  81.91462018
108.85528237 107.13977599  58.14544264  53.26673446  56.70023721  48.73234347  57.84514673  68.93397203  78.56413940  76.87971124  76.76791061  74.76232340  49.34158996  43.46859326  49.29486484  46.17981919  45.37023253  48.01137886  46.65633183  42.40964277  39.36163233  53.42107917  56.62148444  61.22401000  58.05020241  60.57949488  60.93279331  49.68090680  59.04969517  56.04322796  51.22406661  49.35504027   6.93487563   0.00000000   1.11400180  11.44770719   5.10424333  77.24113218  78.83856988  70.67280807  80.22402446  84.42729949 101.91512400  99.01765954  97.01386138  98.58432989 102.28425343  92.70486773  92.54927174  91.99201541  90.62838407  87.74248971
108.20673038 106.44148158  57.65078057  52.63009785  56.07780042  48.19600502  57.29532267  68.42567135  78.04245639  76.31555150  76.18252621  74.18077918  49.03582874  43.16434176  49.07048909  45.92223971  45.22283715  47.33616482  46.00097934  41.80987922  38.79588251  52.66163784  56.61477281  61.26168134  58.07421631  60.57750903  60.75651817  48.89818504  58.28898781  55.16104785  50.46783134  48.44659947   6.44457136   1.11400180   0.00000000  11.92460482   4.30907183  77.62881231  79.10138621  71.14101489  80.68148796  84.81033015 101.45428774  98.64715556  96.53014296  98.22022450 101.88961920  91.70099509  91.53385439  90.96933384  89.60192520  86.76142057
103.37092870 102.24795744  51.48804230  48.22577112  51.42401482  42.68683286  51.75300764  62.26699366  71.93529593  70.69596877  70.80883066  68.78209796  41.14314645  35.37830126  40.46880898  37.65703254  36.06302261  43.56671321  42.00933349  37.24965772  33.93551679  49.92634675  46.37411455  50.74088095  47.64476886  50.28705201  51.64221626  46.60685035  55.45122632  54.33258507  47.74043360  48.26363020   9.16397839  11.44770719  11.92460482   0.00000000  16.15506422  65.81032214  67.57812146  59.23037228  68.77847992  72.99892122  94.57028339  90.91922624  89.90071468  90.43658165  94.36878138  92.87431561  92.99815536  92.62801574  91.37297850  87.44095436
109.33377978 107.33570375  59.50450235  53.91131699  57.41025170  49.91803882  58.93159170  70.20089601  79.74761752  77.85041361  77.62824744  75.64634360  51.57660128  45.73071725  51.85965677  48.62234260  48.24000104  48.46282905  47.22546982  43.30080484  40.44653014  53.35050328  59.96353725  64.70672994  61.49233855  63.93174251  63.65808825  49.47914510  58.95170227  55.13514759  51.18215802  48.27539021   9.26853818   5.10424333   4.30907183  16.15506422   0.00000000  81.69569022  82.97894191  75.30574812  84.83264584  88.86911950 103.36781801 100.89029686  98.36096889 100.48586866 104.04529014  90.70118963  90.43059770  89.79885300  88.39684440  85.95991624
 91.48097070  94.48576665  56.58621740  64.20357077  63.90693546  58.61130266  59.76926049  59.40538696  63.70826085  66.06401819  67.55485623  66.44714065  47.70744177  49.60052520  44.21095113  46.75353676  43.03826786  65.73431372  64.59211097  61.96148239  60.87200999  71.58400101  31.62277660  27.35936586  29.52806292  29.60452161  38.65828242  72.11102551  73.31137020  80.81585797  70.85994990  80.17064612  73.00684899  77.24113218  77.62881231  65.81032214  81.69569022   0.00000000   9.29336322   8.73403114   6.13739358   7.19301050  71.84705979  63.26995654  70.49196266  62.53250035  67.12889840 114.76933388 116.15994663 116.72375679 116.22357979 108.39356531
 82.62002784  85.81464735  50.83548564  59.14841080  58.41476697  54.17564951  54.07957933  52.35481449  55.81339355  58.40863720  59.96432273  59.00759358  43.58080541  46.45400844  40.37865773  43.32829330  40.25394018  61.36763479  60.40034603  58.37748282  57.75991863  66.64134602  27.65730645  22.70498844  25.52362239  24.74636337  32.80562452  67.62519205  67.77017633  75.87681135  66.16234654  75.95638288  73.96922739  78.83856988  79.10138621  67.57812146  82.97894191   9.29336322   0.00000000  16.69043139  14.79933107  10.81156788  62.72708028  54.06930368  61.54144132  53.33126850  57.90644178 108.15954234 109.65273640 110.30286488 109.89268993 101.82479462
 96.00950838  98.56425823  56.89273504  63.59031373  63.77765204  57.45711531  59.93953286  61.22420518  66.64727001  68.61399420  69.99153163  68.68307506  46.53518346  47.40513474  42.87260780  44.92118988  40.73469529  64.37020506  63.06968923  59.88363716  58.36113861  70.73119043  31.11660811  27.90706004  29.23517402  30.14534458  39.65920448  70.76922566  73.09186617  79.84149548  69.75751429  78.44619685  66.91235536  70.67280807  71.14101489  59.23037228  75.30574812   8.73403114  16.69043139   0.00000000   9.57958767  15.13633047  77.21439827  69.00052826  75.36393368  68.27018749  72.94104263 115.48923456 116.74146007 117.19319477 116.58285037 109.09510942
 97.36734771 100.46194553  62.55068025  70.00675182  69.80748957  64.27483800  65.71646445  65.52913550  69.83158096  72.19962950  73.69179194  72.58408985  53.33730027  54.93006190  49.78311561  52.19019065  48.30504425  71.35592197  70.16773333  67.36309450  66.12359639  77.34375217  37.34149970  33.26482978  35.28050028  35.52380188  44.68431492  77.74874661  79.20674340  86.55784251  76.55813543  85.71115505  76.37556939  80.22402446  80.68148796  68.77847992  84.83264584   6.13739358  14.79933107   9.57958767   0.00000000   7.26631956  77.52281987  68.83264487  76.31902777  68.09441974  72.64851960 120.82875320 122.20389519 122.75399220 122.23909563 114.44904630
 92.69659001  96.10783995  61.35388659  69.42363070  68.85830814  64.15954644  64.58402047  63.15567591  66.56145807  69.19777525  70.76034200  69.81552048  53.37358335  55.70535432  49.99897999  52.73200357  49.25213193  71.33469983  70.27787276  67.92310726  67.02694533  76.88245704  37.25988996  32.61046611  35.12420391  34.77547555  43.30257498  77.66169841  78.24498195  86.12933356  76.29489432  85.87277159  80.15372356  84.42729949  84.81033015  72.99892122  88.86911950   7.19301050  10.81156788  15.13633047   7.26631956   0.00000000  72.35813292  63.47174805  71.53190197  62.73521659  67.19350266 118.92896788 120.40666178 121.04193323 120.61437767 112.58662976
 21.56033395  26.58157445  43.86342440  50.52562221  47.01208781  53.48723960  44.64554289  33.24154028  24.00421838  26.72890757  27.57496328  29.23221682  53.53503526  59.20972977  54.82525148  57.17913256  59.78722690  56.22277119  57.06891273  60.29598079  62.96444711  54.09463190  55.08175742  54.14789839  55.39428220  52.76635007  45.91669413  57.98275606  49.75617550  58.65614120  55.75511187  64.31043850  95.01578816 101.91512400 101.45428774  94.57028339 103.36781801  71.84705979  62.72708028  77.21439827  77.52281987  72.35813292   0.00000000   9.21560633   5.40340633   9.91128650   6.57031202  66.70832032  68.87766837  70.19170464  70.65026893  61.92806311
 30.71801100  35.50665431  41.94576737  49.82539212  46.46105681  51.61863423  43.36692864  32.12954092  24.31831614  27.79536832  29.07606576  30.28908879  49.82697462  55.66771865  50.55029179  53.26222864  55.28303628  55.43128539  56.02571731  58.61604644  60.95166118  54.50050458  48.95924223  47.38000950  48.99431906  46.23871214  40.46919075  58.16087517  50.85686581  60.29493594  55.89587552  65.28017233  92.20980100  99.01765954  98.64715556  90.91922624 100.89029686  63.26995654  54.06930368  69.00052826  68.83264487  63.47174805   9.21560633   0.00000000  10.95953466   0.73824115   3.99489674  73.18146897  75.28075584  76.50813552  76.82598063  68.00012353
 21.19177199  25.23367789  38.88337434  45.27796926  41.75328011  48.44594513  39.52024924  28.16445987  18.76582266  21.36983154  22.18362008  23.86259206  49.02404308  54.60911371  50.52030285  52.72167296  55.54499887  50.97407969  51.85706509  55.19159809  57.92312146  48.72189241  51.68052631  51.16901895  52.16064513  49.63822418  42.23091285  52.62239827  44.35587222  53.25792805  50.40029067  58.90899167  90.09992675  97.01386138  96.53014296  89.90071468  98.36096889  70.49196266  61.54144132  75.36393368  76.31902777  71.53190197   5.40340633  10.95953466   0.00000000  11.45006550  10.15264498  62.56514045  64.69721787  65.96504681  66.34983421  57.56418505
 31.38493906  36.12980072  41.62491562  49.58519235  46.23742640  51.28731617  43.09240884  31.89535389  24.23430833  27.75252241  29.06207494  30.23435298  49.36307932  55.21023184  50.04588495  52.78039409  54.75915723  55.17711120  55.75170670  58.29147879  60.60033003  54.34013250  48.33460044  46.71816456  48.35296992  45.59127658  39.89458610  57.97856156  50.75612475  60.22585906  55.71314118  65.15318948  91.78493123  98.58432989  98.22022450  90.43658165 100.48586866  62.53250035  53.33126850  68.27018749  68.09441974  62.73521659   9.91128650   0.73824115  11.45006550   0.00000000   4.70227604  73.51893362  75.61059450  76.82920408  77.13362756  68.30256364
 27.96971577  33.12797760  44.82687810  52.35168479  48.92391031  54.52189468  46.05479888  34.69105072  26.28532861  29.53522135  30.66626811  32.06325779  53.23390837  59.04640294  54.09415495  56.72802658  58.88675997  58.00645654  58.68450733  61.48144192  63.92244833  56.66184783  52.84589861  51.33886734  52.91638404  50.17294590  44.23360939  60.41431122  52.75065118  62.01467971  58.15565751  67.26628056  95.44678622 102.28425343 101.88961920  94.36878138 104.04529014  67.12889840  57.90644178  72.94104263  72.64851960  67.19350266   6.57031202   3.99489674  10.15264498   4.70227604   0.00000000  72.67302801  74.81495706  76.09316658  76.49076088  67.71158837
 52.21156960  46.15062405  58.60034130  52.94278516  52.02630489  59.80706313  55.59788215  55.90169944  54.84617124  51.40169744  49.70089134  50.09014374  69.97142274  71.27757081  73.63971890  72.60064187  77.25161811  54.23098745  55.88971998  60.58304466  63.55565750  46.94282906  84.40379138  87.76613755  86.25442887  85.49963567  76.16129463  48.70318265  43.12165349  39.51762771  48.64290801  44.75860253  87.05170877  92.70486773  91.70099509  92.87431561  90.70118963 114.76933388 108.15954234 115.48923456 120.82875320 118.92896788  66.70832032  73.18146897  62.56514045  73.51893362  72.67302801   0.00000000   2.26565664   3.80465504   4.95585512   6.39413794
 54.47647933  48.41622146  59.85226144  53.92775630  53.14150920  60.73902535  56.81014786  57.47428294  56.67405844  53.19086482  51.48683910  51.81995465  71.02572210  72.16656082  74.70594220  73.57683331  78.22044554  55.00048363  56.64311079  61.27089440  64.18717941  47.74614539  85.63511663  89.08199425  87.50905839  86.81420909  77.52130030  49.34301572  44.11799859  40.05549276  49.38248374  45.04366437  86.99915632  92.54927174  91.53385439  92.99815536  90.43059770 116.15994663 109.65273640 116.74146007 122.20389519 120.40666178  68.87766837  75.28075584  64.69721787  75.61059450  74.81495706   2.26565664   0.00000000   1.58398232   2.96723777   7.86649859
 55.97425301  49.92985179  60.32474948  54.19918173  53.51303580  60.96458808  57.25378677  58.20940989  57.63349807  54.11701858  52.41116293  52.69414484  71.33747542  72.35239111  75.02493719  73.82764387  78.46338828  55.11021139  56.73944836  61.31532353  64.18846158  47.88888180  86.07830970  89.59150685  87.97009776  87.32342469  78.07060522  49.36431302  44.40958905  40.01752741  49.47634687  44.81882305  86.51216909  91.99201541  90.96933384  92.62801574  89.79885300 116.72375679 110.30286488 117.19319477 122.75399220 121.04193323  70.19170464  76.50813552  65.96504681  76.82920408  76.09316658   3.80465504   1.58398232   0.00000000   1.57470632   8.75189122
 56.80535626  50.80529500  59.75199160  53.44354217  52.84893282  60.16446543  56.65514098  57.90907096  57.59475671  54.03998890  52.33327144  52.55607482  70.60878486  71.51298763  74.30135194  73.04380946  77.67106282  54.21531610  55.83255412  60.36400417  63.20177608  47.02673814  85.46648758  89.04299299  87.37484535  86.77525915  77.56530474  48.40165803  43.68043155  39.01661441  48.57226575  43.67534774  85.18814765  90.62838407  89.60192520  91.37297850  88.39684440 116.22357979 109.89268993 116.58285037 122.23909563 120.61437767  70.65026893  76.82598063  66.34983421  77.13362756  76.49076088   4.95585512   2.96723777   1.57470632   0.00000000   8.84636083
 48.85521671  43.02668591  52.20656089  46.62896632  45.65762368  53.51927690  49.20742728  49.61557215  48.88198953  45.37109763  43.66564783  43.97022288  63.61953316  65.01071373  67.28263966  66.28308532  70.93650189  48.06604831  49.73666857  54.48393249  57.50805335  40.75928606  78.01054416  81.37506805  79.86033120  79.10837440  69.77681133  42.67042301  36.80896630  33.62888788  42.51230998  39.19270978  81.91462018  87.74248971  86.76142057  87.44095436  85.95991624 108.39356531 101.82479462 109.09510942 114.44904630 112.58662976  61.92806311  68.00012353  57.56418505  68.30256364  67.71158837   6.39413794   7.86649859   8.75189122   8.84636083   0.00000000
